
Ex 5.21 Result:


excercise_5_21

t_square_intervals =

    0.7420    0.9456
    0.7229    0.9137
    1.5396    2.0457
    1.4995    1.9701
    0.6084    0.8004
    0.6019    0.7857


bonfferoni_intervals =

    0.7782    0.9094
    0.7569    0.8798
    1.6297    1.9557
    1.5833    1.8864
    0.6426    0.7662
    0.6346    0.7530
    



Ex 5.22 Result:


t_square_intervals
bonfferoni_intervals

t_square_intervals =

    0.7420    0.9456
    0.7229    0.9137
    1.5396    2.0457
    1.4995    1.9701
    0.6084    0.8004
    0.6019    0.7857


bonfferoni_intervals =

    0.7782    0.9094
    0.7569    0.8798
    1.6297    1.9557
    1.5833    1.8864
    0.6426    0.7662
    0.6346    0.7530
